41350896
41343851
41340505
41340050
41339773
41338067
41334078
41328713
41328449
41327463
41325960
41323482
41322918
41319424
41317410
41317144
41314644
41312193
41310025
41309982
41309501
41308566
41308565
41301391
41294789
41292161
41289567
41284334
41283835
41281709
41281510
41280187
41278610
41275164
41274365
41274104
41273570
41273568
41272537
41271885
41270313
41266999
41263001
41262796
41262720
41261989
41260838
41259374
41257939
41256938
41254010
41253882
41252759
41252757
41251110
41250184
41249386
41248855
41248307
41246100
41246060
41245321
41245309
41244625
41243738
41241953
41239734
41239403
41239399
41237600
41237074
41236819
41235140
41234261
41232268
41229591
41223604
41223412
41222608
41222494
41222133
41218588
41216814
41212404
41211492
41211489
41210119
41209340
41207258
41207126
41205560
41201328
41200525
41200055
41198852
41196871
41194576
41193526
41192166
41191033
41191032
41190122
41187646
41187644
41187384
41186000
41185684
41185675
41184412
41181686
41181684
41180319
41180067
41180061
41180033
41179957
41178325
41175966
41174591
41174331
41172722
41171571
41171564
41171562
41171561
41171559
41170911
41168877
41168873
41167017
41165093
41164981
41159437
41158443
41155002
41154958
41154884
41154317
41153474
41152925
41152784
41148434
41148227
41143045
41140536
41136994
41135125
41135122
41130162
41129938
41128992
41127430
41126133
41125829
41125672
41123755
41121065
41121027
41120086
41118715
41117253
41117116
41116801
41115380
41115014
41113199
41112661
41111677
41110245
41108406
41108201
41107669
41106626
41106487
41104192
41103451
41103448
41101489
41101125
41099484
41098517
41095614
41094595
41090015
41088705
41088138
41088106
41086991
41086461
41085473
41084855
41083071
41082046
41080239
41079706
41075919
41075582
41072723
41072312
41072311
41071615
41069946
41069667
41068907
41067167
41064501
41064171
41059721
41058889
41057085
41056978
41056736
41056735
41056673
41056548
41055520
41052680
41050824
41050804
41048391
41048259
41045709
41044636
41042963
41040106
41039577
41037974
41037849
41035956
41034762
41032435
41030538
41029734
41029577
41029549
41029404
41027408
41027320
41027144
41026319
41022969
41022928
41021890
41019262
41018378
41016173
41015867
41014961
41014292
41013923
41013662
41013657
41013648
41008340
41007091
41007006
41002744
40997844
40996545
40994634
40992097
40991973
40991971
40991552
40989544
40988526
40984947
40982828
40976425
40974916
40974915
40974257
40972076
40970350
40969654
40968719
40967046
40966594
40963279
40961842
40960706
40952803
40952795
40952791
40944323
40938835
40937544
40932793
40930172
40929931
40928887
40928886
40925261
40925260
40925259
40925033
40922631
40921521
40921026
40919420
40918286
40916772
40916636
40912578
40912161
40911358
40909403
40907124
40906900
40905418
40902308
40900669
40900660
40900655
40898753
40898129
40895055
40892699
40891124
40888291
40887505
40887854
40887307
40885983
40885174
40885173
40858699
40882707
40867174
40867127
40859864
40859222
40878893
40878472
40876826
40876377
40875492
40875484
40873670
40865480
40859331
40860534
40860003
40860002
40846929
40852176
40848769
40835816
40841274
40840198
40836288
40839928
40837954
40837156
40835263
40831615
40827351
40826156
40825500
40823400
40822055
40819026
40818427
40818061
40818058
40818056
40816796
40816786
40816785
40815116
40813670
40812268
40811891
40811787
40810814
40809866
40808223
40805838
40802602
40802404
40802369
40799108
40797228
40796321
40795445
40791041
40790775
40788716
40787686
40787117
40782602
40780271
40777903
40774870
40773865
40771643
40770843
40770766
40768894
40768779
40767411
40762937
40762697
40762593
40759827
40756062
40753793
40750530
40747153
40745365
40745091
40744541
40743694
40743273
40743114
40740384
40739489
40736281
40735214
40735179
40734703
40731394
40730286
40728787
40727619
40727605
40724775
40724727
40723679
40723625
40723100
40722324
40716025
40720869
40719981
40718774
40710819
40709969
40708836
40708593
40708478
40708216
40705241
40703722
40702132
40700863
40699882
40698049
40696643
40694982
40692358
40690868
40690508
40688540
40687080
40684676
40681849
40680649
40676389
40674854
40668014
40666642
40666433
40666213
40664009
40663593
40660127
40660050
40657388
40656924
40656044
40655512
40655085
40654143
40653510
40653051
40644355
40642670
40640877
40638471
40636055
40635665
40635584
40633773
40632823
40632805
40631654
40631626
40631068
40629681
40627089
40625447
40624723
40624640
40624123
40621506
40620765
40618787
40616016
40614231
40613354
40612993
40608479
40606901
40606268
40606093
40606075
40605317
40604760
40604701
40604641
40602540
40602363
40598701
40598695
40598221
40597982
40597428
40596662
40596572
40594419
40592966
40589520
40587851
40587074
40585731
40585543
40583887
40583751
40583747
40580065
40577883
40577563
40567955
40564593
40561521
40556970
40556522
40554987
40551929
40549959
40549956
40549955
40549950
40549949
40549948
40547731
40546496
40545496
40543473
40542662
40539835
40535187
40533794
40532564
40531812
40530061
40530048
40530046
40528865
40527195
40526396
40525630
40523120
40521284
40520392
40520349
40520035
40519763
40517677
40517379
40515411
40513001
40511582
40511461
40509997
40506455
40499391
40496151
40491682
40490556
40486407
40481377
40478643
40473945
40469968
40469594
40468707
40468376
40468217
40467286
40466655
40462673
40460757
40460467
40459935
40453574
40453421
40449239
40449226
40448203
40447763
40443730
40442656
40440638
40439972
40433173
40432342
40426772
40426443
40426364
40425853
40423703
40422306
40422303
40422297
40421338
40420022
40418804
40417535
40415488
40414138
40412312
40411386
40410532
40409024
40409004
40407241
40407193
40406611
40405800
40405153
40404911
40404379
40403141
40401799
40400908
40398952
40397924
40397890
40397848
40397526
40396085
40392607
40391314
40390555
40389950
40388339
40383806
40380779
40378609
40376927
40376647
40374701
40372807
40372798
40371770
40369901
40369687
40369058
40369012
40366753
40366242
40361850
40361059
40361037
40360662
40357510
40355837
40355333
40353124
40352333
40351579
40350702
40349229
40349076
40347356
40346559
40346141
40345392
40343755
40343674
40342321
40339737
40337808
40336068
40334458
40334351
40332257
40330455
40330222
40330179
40329690
40329384
40328832
40326936
40324799
40324736
40321404
40320593
40320418
40318564
40315013
40314494
40313890
40312287
40310125
40309614
40309512
40304550
40302543
40302174
40299821
40297375
40296058
40295842
40294608
40293819
40293811
40293807
40293200
40292030
40291985
40290631
40290557
40289153
40288452
40286930
40283725
40283690
40282133
40282117
40282102
40282045
40281811
40277866
40277107
40275912
40275263
40275249
40273278
40271270
40269128
40266409
40265988
40262465
40262287
40261710
40257036
40256389
40256283
40255102
40248689
40248688
40247873
40246585
40246305
40244031
40242676
40242181
40241181
40238959
40238692
40236657
40233927
40233555
40231277
40231232
40231181
40229835
40226693
40226553
40225263
40219910
40219579
40219036
40217983
40216623
40215789
40213741
40213425
40206856
40206648
40205993
40205575
40204791
40204363
40203462
40203011
40201372
40201061
40200916
40198130
40197506
40196707
40193207
40186989
40185416
40185039
40184724
40182198
40181270
40180754
40180708
40179485
40178235
40176324
40175951
40175942
40172000
40171312
40168432
40166969
40161348
40159119
40158552
40157216
40156329
40155868
40155835
40155726
40154103
40151978
40150667
40150541
40150240
40150217
40150195
40150136
40149804
40147615
40146992
40144180
40144033
40144028
40139113
40138740
40138596
40137656
40137076
40130188
40129330
40127950
40126562
40125549
40122816
40121924
40121211
40120187
40119352
40116768
40115446
40115303
40115114
40109442
40106696
40105453
40104347
40104332
40103866
40101316
40098002
40097995
40097559
40097112
40094312
40094289
40093522
40089434
40084783
40084429
40083846
40081585
40081581
40081111
40080610
40078486
40077033
40075345
40073725
40073724
40071718
40071367
40070897
40069692
40068179
40066133
40065295
40061470
40060296
40055711
40054082
40054044
40053762
40051414
40050901
40049119
40048205
40047899
40046607
40046204
40046116
40043486
40038829
40037180
40035054
40034337
40033319
40029557
40029399
40026340
40025970
40022237
40022216
40020553
40020458
40020288
40018688
40017663
40017280
40016171
40014061
40012767
40010868
40009839
40009750
40009436
40004656
40003463
40001747
40001021
39998120
39993897
39992340
39989536
39989525
39988256
39988141
39985038
39984948
39984898
39983324
39983250
39980917
39975939
39975830
39973953
39973945
39972515
39971120
39970598
39970430
39969516
39969066
39967580
39966794
39966145
39965936
39962888
39961909
39961264
39961262
39960784
39959490
39959250
39955074
39946512
39945160
39944777
39944189
39942484
39942439
39939460
39938991
39938933
39936460
39933170
39933164
39932501
39930912
39930515
39928940
39927869
39927217
39926323
39926290
39925596
39925341
39924668
39923383
39921698
39921534
39919394
39918691
39917526
39916705
39915799
39913919
39908691
39908075
39906924
39906077
39905457
39904229
39903216
39901755
39898101
39898089
39896338
39889302
39888646
39888345
39886053
39883104
39881688
39879613
39877912
39876662
39873200
39872693
39872428
39871398
39871353
39871295
39868931
39867807
39866731
39866577
39866397
39865719
39864952
39864821
39857510
39856636
39855143
39853791
39853322
39853321
39851902
39851466
39850301
39849513
39847457
39845554
39845360
39843895
39842247
39841691
39841152
39839946
39839221
39836109
39833970
39831059
39830557
39830045
39827152
39826772
39824886
39821223
39819889
39819043
39814188
39809132
39809113
39807997
39807381
39802562
39802558
39801462
39800830
39798831
39798708
39798488
39798115
39797689
39797615
39792180
39792022
39791646
39790906
39786382
39786381
39786377
39783803
39780294
39772883
39768832
39767278
39765989
39762803
39762783
39761613
39761256
39760740
39758203
39756429
39756127
39754604
39752720
39748381
39748184
39747622
39743523
39743484
39741254
39741229
39741077
39739378
39737465
39733705
39731479
39726616
39726355
39723407
39722990
39722906
39720435
39719020
39718279
39716782
39712542
39712296
39711982
39711745
39711474
39708668
39708366
39705944
39702877
39701469
39700606
39699787
39698943
39698018
39697525
39696626
39696256
39695825
39695521
39695507
39693324
39693321
39693138
39685093
39681542
39679318
39679020
39677508
39673083
39670981
39669007
39665611
39664540
39659159
39657759
39656219
39655204
39649835
39648577
39647449
39644309
39642653
39641720
39641262
39639256
39637947
39636323
39633434
39632944
39632166
39632149
39631166
39631140
39629443
39627647
39623918
39623895
39622695
39615944
39615930
39615415
39614079
39611105
39610238
39609795
39607381
39606537
39602874
39602477
39601788
39601360
39600781
39600403
39594388
39593597
39588931
39588703
39588599
39587853
39586421
39584163
39581743
39580320
39576296
39576295
39576292
39576227
39574211
39574179
39572940
39572931
39571624
39566370
39565763
39564362
39557034
39553254
39551939
39551758
39550457
39548587
39548427
39545126
39545117
39545112
39544661
39541914
39540888
39534764
39534164
39534147
39535584
39534833
39529463
39526916
39522650
39521473
39513191
39511881
39505572
39505322
39502412
39502296
39501875
39501224
39496163
39495545
39495231
39491421
39488991
39487516
39485766
39486388
39485391
39479064
39478568
39473915
39472683
39471533
39471202
39469606
39465405
39465386
39465053
39465035
39464944
39464940
39464695
39463167
39462679
39457819
39456112
39456092
39454405
39452049
39445625
39444970
39444104
39442385
39439851
39438933
39437450
39435132
39432999
39431646
39430791
39428882
39425078
39424699
39423588
39420418
39419899
39419718
39419186
39416344
39415128
39407215
39403915
39403902
39403243
39402902
39402533
39400808
39399265
39396023
39387844
39393293
39391162
39391081
39390779
39389113
39386891
39385901
39380094
39379902
39379860
39375437
39375306
39366164
39364386
39363323
39363253
39361415
39360722
39357050
39351918
39351848
39351331
39348777
39348315
39348198
39347513
39347408
39346392
39346188
39345215
39340404
39338027
39336059
39335424
39333250
39330102
39329354
39323934
39320663
39315326
39313075
39312517
39311878
39310659
39307287
39305708
39303655
39303373
39302638
39298753
39296829
39296676
39294602
39292075
39292072
39291557
39291038
39289640
39288693
39285710
39282470
39277922
39267273
39276175
39274335
39274323
39270613
39268334
39265417
39265317
39264722
39262058
39260981
39260969
39260581
39259611
39257562
39257513
39256720
39256701
39255486
39253393
39253109
39248403
39243278
39241247
39240897
39239296
39238001
39236882
39236625
39235861
39235417
39234327
39230735
39230267
39228185
39225778
39223548
39222079
39221049
39220110
39219743
39216640
39213048
39213020
39212531
39209955
39209922
39206864
39206010
39199111
39199071
39199064
39197957
39196468
39192279
39189254
39186514
39184672
39184032
39183966
39180706
39180017
39178960
39178496
39177753
39174567
39174309
39173776
39172319
39168052
39165888
39164661
39164516
39163662
39162674
39161255
39160461
39159804
39156810
39155551
39154018
39151165
39147163
39145816
39144584
39143721
39141972
39141435
39138585
39135017
39133422
39130885
39130190
39130188
39128061
39127613
39125349
39124742
39121495
39121105
39119543
39111861
39109361
39105145
39103090
39102758
39101882
39100561
39100379
39100122
39100120
39099586
39096229
39093730
39092867
39092352
39089704
39089701
39089699
39088282
39088275
39085999
39085034
39084660
39083995
39082974
39081290
39080967
39079244
39073029
39072605
39071007
39070066
39067255
39067239
39066753
39064091
39062347
39061460
39059243
39058670
39056075
39055613
39054507
39053052
39051041
39051036
39050301
39050150
39049834
39049602
39047947
39047016
39044424
39040969
39040959
39040868
39036273
39034072
39034064
39033530
39033519
39027876
39026523
39024045
39021114
39018815
39016530
39009805
39009310
39007470
39006887
39006596
38999410
38990809
38986794
38986467
38985326
38982768
38979617
38976442
38973976
38973974
38973973
38970143
38966110
38965885
38957906
38957869
38956639
38955108
38955033
38954306
38952988
38952851
40799412
38948654
38947303
38946493
38943173
38941878
38938461
38937729
38936322
38936231
38935180
38934742
38933784
38929979
38929912
38929305
38928946
38921081
38915089
38912411
38912145
38910426
38902950
38901145
38900246
38899141
38899132
38896597
38896209
38895549
38895031
38894983
38889860
38889136
38888982
38888924
38887354
38887253
38882324
38879545
38878134
38878004
38877982
38873537
38868486
38867830
38863612
38860039
38859893
38858753
38854673
38854194
38853819
38853812
38849777
38846246
38845053
38844168
38844165
38844052
38843516
38839035
38835549
38834960
38834952
38834943
38832680
38832345
38829855
38829707
38829701
38829235
38827621
38826679
38825582
38817116
38816793
38816773
38812273
38811914
38811004
38807693
38803874
38802784
38802723
38802628
38801093
38800951
38798817
38797806
38791735
38790517
38790428
38787992
38785744
38785574
38784281
38784258
38784163
38783275
38780620
38777272
38775553
38774254
38773692
38773609
38773555
38772732
38772506
38770920
38770334
38769840
38765614
38765491
38764472
38761770
38756019
38748506
38748487
38743694
38739952
38738482
38735963
38735579
38735428
38735249
38734457
38733952
38733950
38733266
38727086
38726803
38725722
38720652
38718739
38718596
38717129
38711877
38711213
38707250
38705521
38703362
38702805
38701076
38700825
38700480
38699577
38699099
38698562
38695818
38695041
38692393
38690924
38689236
38686313
38684733
38684016
38683658
38681440
38679019
38673420
38673347
38673299
38671631
38670464
38669672
38669082
38669081
38667613
38667136
38666126
38664623
38663155
38662452
38662450
38659673
38658304
38656807
38656436
38651028
38650723
38648724
38648634
38645442
38644879
38642444
38637786
38636082
38635809
38635339
38635338
38635334
38631271
38631153
38622677
38615663
38610919
38610194
38607622
38606363
38605765
38601604
38601069
38598947
38598290
38594712
38592617
38590451
38589329
38586290
38585481
38585476
38584979
38584201
38582933
38580925
38580529
38580460
38575792
38575381
38571884
38571828
38570890
38570320
38569588
38568880
38565743
38564961
38561700
38561699
38559580
38557447
38555341
38549054
38540564
38534905
38534896
38532971
38528559
38528340
38527531
38524287
38524164
38512552
38507977
38504826
38504216
38503756
38503201
38495629
38495088
38494706
38488233
38487659
38487602
38486341
38484881
38481598
38479516
38475668
38472654
38470872
38468374
38464809
38464737
38464625
38463651
38462879
38461897
38460004
38457987
38454136
38451585
38451271
38446542
38445147
38441596
38439789
38436895
38435979
38435934
38433417
38427080
38425975
38424651
38419907
38419088
38415743
38410380
38407872
38407868
38406124
38404925
38402746
38401807
38401423
38400958
38397159
38396186
38395834
38391728
38389988
38387131
38380118
38378524
38376031
38375714
38373925
38373906
38371925
38370952
38370923
38368362
38367477
38366947
38363934
38363073
38357528
38357125
38356359
38355642
38353729
38352630
38348102
38345029
38343624
38340148
38338198
38335572
38335078
38334692
38334691
38328520
38328372
38322483
38322480
38320657
38319235
38318083
38317739
38317462
38313469
38312683
38307755
38299404
38298834
38298166
38294763
38294619
38294052
38293527
38293521
38291742
38291407
38290322
38290293
38284471
38282423
38279861
38274427
38272359
38269068
38268608
38264639
38262230
38260791
38260784
38259571
38250260
38250259
38250119
38248514
38248419
38248263
38248244
38244589
38244336
38244332
38243210
38242916
38239900
38238276
38236830
38235542
38232711
38231548
38228073
38227984
38227352
38219173
38218991
38218013
38217688
38212749
38206342
38205606
38200921
38198828
38197896
38196918
31747190
38192733
38192395
38190274
38187249
38186732
38186710
38183452
38183434
38182125
38180537
38179571
38179211
38165466
38164451
38164422
38163649
38163335
38162808
38161481
38159504
40386147
39908519
38149224
38148745
38144925
38136123
38132084
38131860
38131836
38131707
38131696
38126601
38110756
38106833
38106665
38103278
38098636
38094550
38093234
38092954
38092593
38089457
38085586
38083509
38078223
38077169
38074757
38074224
38070217
38066575
38066462
38065477
38063643
38063585
38060733
38060136
38060082
38059702
38057764
38057732
38053389
38053313
38049791
38049599
38047934
38047152
38045622
38044767
38040610
38039647
38036480
38034930
38032612
38032006
38026357
38025696
38025469
38024654
38015949
38015585
38012645
38007630
38002845
38001436
37997336
37997331
37995610
37994617
37993471
37990280
37987778
37981798
37978468
37977269
37974502
37972967
37969665
37966485
37965362
37965221
37962802
37960340
37957670
37957585
37956827
37956132
37955949
37953935
37943343
37941011
37940908
37940898
37940885
37936164
37936100
37934288
37932960
37928925
37928568
37924133
37917844
37916201
37908679
37907034
37904301
37904058
37902427
37901295
37899915
37899219
37898905
37892332
37887489
37887460
37887144
37884983
37883910
37883086
37868651
37865769
37863788
37855073
37853581
37849868
37846558
37846330
37845703
37842034
37841710
37841708
37841705
37838270
37837757
37836483
37835052
37834895
37829163
37828509
37826975
37826910
37817283
37817223
37813492
37810276
37809552
37808238
37804701
37803432
37798719
37798215
37796805
37795514
37791079
37790974
37782141
37781860
37780639
37777896
37777264
37776578
37772408
37772254
37767230
37764745
37759931
37753565
37749005
37746057
37745023
37744504
37743978
37743790
37742231
37738029
37737160
37736454
37736232
37736090
37733004
37732862
37732858
37725750
37724644
37722982
37722329
37721727
37716941
37713408
37711427
40224601
37708202
37707786
37700883
37696169
37695451
37693333
37693083
37692657
37685400
37682846
37682725
37681158
37680452
37676753
37671110
37667058
37665930
37663845
37663601
37659271
37651841
37651282
37645634
37645572
37645064
37639837
37629791
37629246
37628531
37624773
37622786
37615548
37612743
37610629
37603517
37601984
37597784
37597420
37594217
37594198
37583792
37583538
37576526
37575574
37573802
32965950
37573183
37569082
37568981
37565327
37564421
37563573
37560380
37560081
37559920
37559796
37559742
37559452
37558974
37558438
37557057
37550315
37544484
37542974
37542973
37539691
37538030
37536761
37536220
37533885
37533711
37529314
37525851
37525616
37523975
37523871
37522110
37521981
37520242
37510663
37510507
37509046
37506072
37505291
37505162
37503987
37503967
37501113
37496266
37494674
37493279
37492130
37487311
37485102
37484668
37484666
37483945
37481541
37480235
37477633
37475803
37467370
37465913
37456410
37455314
37451180
37448655
37442974
37442370
37442018
37438980
37438416
37437741
37437488
37437451
37435194
37432733
37432717
37431544
37426833
37422953
37421849
37418887
37409511
37406586
37403108
37397839
37393479
37390070
37386377
37385003
37384332
37383286
37372785
37372723
37369802
37366696
37365913
37365830
37365771
37364655
37363770
37363768
37363761
37362061
37362051
37361912
37361515
37359689
37359640
37359623
37357669
37356318
37352749
37349707
37348449
37347394
37346899
37336094
37333550
37327573
37325928
37318541
37317485
37316810
37314538
37312250
37310317
37307757
37304212
37304126
37303928
37303910
37301550
37297556
37295061
37294627
37294250
37288416
37286950
37285663
37285351
37284553
37277735
37277009
37276845
37276513
37275494
37274718
37274579
37274565
37271367
37270593
37267086
37265552
37264138
37261719
37260962
37256740
37256009
37255996
37255683
37255516
37254501
37252023
37240512
37239655
37235547
37232699
37232645
37231957
37230169
37228348
37224007
37216219
37215680
37215671
37209621
37209127
37205906
37203100
37183253
37179866
37178154
37176784
37176554
37174806
37173670
37167504
37161436
37159772
37159639
37158854
37153289
37153233
37152383
37151982
37147190
37143023
37139357
37127540
37127119
37119223
37119209
37113540
37113438
37113179
37107937
37107803
37103893
37099486
37096025
37093644
37091192
37089492
37070481
37069857
37067503
37067017
37060687
37059002
37056408
37056212
37045754
37039200
37037172
37033880
37033014
37032918
37032015
37027365
37022359
37020905
37013724
37009127
37009115
37008213
37007329
37004081
39056100
36991080
36990662
36989701
36989096
36980115
36980025
36976684
36972903
36970958
36967943
36963018
36961794
36961180
36961169
36959621
36947534
36947461
36945011
36944556
36942222
36941849
36940658
36938463
36938126
36933524
36932230
36930441
36927134
36920688
36920659
36919833
36917469
36916053
36911137
36910812
36910808
36908251
36905904
36901680
36901301
36901042
36900931
36900851
36900797
36899209
36898203
36896348
36889223
36882710
36878182
36878146
36874524
36868497
36865753
36865356
36861582
36860685
36857028
36856359
36856201
36846475
36846239
36844332
36844291
36842823
36839185
36834332
36834156
36834070
36833827
36832995
36832407
36828145
36827334
36824073
36822036
36819748
36818081
36817972
36817818
36817817
36817814
36817378
36816421
36815197
36814178
36810365
36807959
36806892
36805817
36805816
36803275
36803108
36801816
36798605
36796169
36790830
36789149
36782393
36777778
36776145
36772696
36769675
36769663
36767816
36767799
36767455
36767430
36767172
36764098
36763334
36761711
36761134
36761132
36760319
36755870
36754096
36753932
36748081
36746106
36743853
36743850
36743184
36741954
36741579
36741578
36735753
36733658
36733277
36726513
36726503
36724625
36721888
38666109
36720075
36719118
36717029
36716672
36716200
36714544
36714324
36713922
36713917
36713913
36713623
36710833
36710811
36709699
36703819
36702061
36701337
36698079
36696412
36695853
36693878
36690958
36690596
36688827
36687930
36687837
36686383
36685462
36683982
36675813
36674362
36673554
36673529
36662598
36661592
36655337
36652903
36652900
36652752
36649287
36649059
36646316
36645700
36645268
36644769
36641730
36633897
36628380
36626507
36624969
36620656
36620264
36619067
36618151
36613121
36612991
36612593
36611474
36606166
36603311
36602846
36600696
36596295
36595574
36593906
36592331
36591056
36590512
36589353
36587418
40476869
39006169
38380284
36587018
38421241
36584105
36582718
36580866
36580764
36576639
36572845
36571943
36569411
36567996
36566681
36564741
36562926
36562891
36562318
36562069
36561690
36555987
36555910
36554856
36554818
36554753
36554583
36554468
36553897
36553330
36546366
36544442
36540801
36540714
36536822
36532167
36530734
36530729
36530695
36528960
36524150
36516699
36516198
36511374
36510585
36506915
36506446
36506378
36505668
36498362
36498338
36498151
36498107
36498020
36497974
36497921
36497782
36497656
36495471
36495099
36481620
36479870
36478713
36475194
36473183
36472467
36471813
36471293
36470225
36469402
36468163
36467134
36465996
36465570
36465425
36465300
36465295
36458122
36452467
36448649
36447965
36446694
36445890
36445195
36444455
38665272
36441375
36440398
36438522
36436217
36435748
36435399
36433839
36430102
36430074
36429777
36429611
36429603
36428049
36427651
36427199
36427198
36427043
36426294
36425744
36422683
36420682
36420390
36419692
36414778
36411542
36405898
36395742
36395684
36395335
36389545
36389463
36389029
36388293
36387002
36384567
36382955
36374247
36371611
36370653
36366976
36361288
36360886
36360452
36355402
36353572
36346660
36344767
36342980
36340758
36339875
36334225
36334081
36329916
36329911
36327963
36327595
36327218
36326855
36326586
36323482
36323137
36320979
36320560
36318899
36313583
36304993
36304249
36300043
36299409
36294219
36294125
36294077
36293960
36293906
36293756
36292440
36291484
36291464
36287819
36287749
36281419
36281271
36276316
36275971
36275326
36275318
36275300
36275044
36274342
36270141
36269724
36269607
36264854
36264627
36264162
36262635
36256987
36254213
36251450
36250853
36247099
36245332
36243741
36238695
36233704
36231799
36231435
36231401
36231286
36228362
36227775
36227634
36225813
36217446
36211939
36211711
36203654
36202107
36200235
36200222
36199865
36199646
36197716
36197195
36196053
36194504
36194503
36193910
36190310
36186857
36186368
36186314
36186268
36185595
36177415
36176490
36172517
36170176
36163012
36160297
36156888
36156728
36153532
36150294
36149062
36148353
36148284
36148123
36147985
36141872
36138339
36126376
36124050
36123664
36121723
36119290
36118286
36117303
36112487
36111359
36110283
36106519
36105927
36099715
36099184
36094861
36092086
36091503
36090230
36089824
36088897
36084446
36082827
36081734
36078687
36075117
36072384
36069751
36068500
36064250
36064245
36062317
36061296
36061278
36060726
36055740
36053718
36051208
36046412
36043500
36039111
36039009
36034539
36034266
36032253
36032227
38868689
36031000
36029869
36029625
36029549
36018530
36012073
36012072
36011955
36011810
36011708
36011671
36011592
36011576
36011105
36009172
36004826
36004801
36003120
36003106
36001438
36001435
36000605
35994364
35993372
35992212
35991041
35984734
35984184
35980558
35978791
35978789
35967561
35967489
35964103
35962328
35960283
35956181
35955049
35955031
35954898
35954855
35954846
35954718
35954678
35950830
35949634
35946067
35945974
35945865
35945851
35944259
35941709
35939974
35939963
35939449
35939353
35935433
35935427
35935032
35933287
35932469
35932172
35926424
35923446
35922842
35919757
35911214
35911020
35911018
35908025
35903062
35901990
35901542
35898621
35896018
35895610
35895606
35895473
35895458
35895456
35894015
35892415
35886561
35886264
35886180
35885851
35881161
35874067
35873537
35873269
35870439
35865686
35865241
35862446
35861265
35859844
35855504
35854703
35850000
35849511
35847132
35844227
35843138
35841188
35838936
35834868
35820296
35817304
35816975
35813577
35812472
35810603
35805852
35805263
35800944
35800562
35799499
35797092
35796709
35795419
35793576
35792965
35792416
35789815
35782446
35782432
35780771
35777497
35777010
35774570
35772368
35768491
35767548
35760188
35759568
35759389
35757216
35757200
35755907
35754755
35754248
40479343
35747670
35746955
35743892
35742695
35740735
35735403
35735383
35735382
35734548
35732065
35731809
35729091
35728679
35728101
35721634
35719620
35718741
35717277
35716194
35711876
35710208
35708326
35703171
35702800
35700179
35698487
35693841
35693840
35690969
35689906
35682501
35682233
35678346
35677283
35673789
35673626
35671563
35670473
35667099
35661790
35656350
35647372
37522092
35639118
35637598
35633814
35633794
35629112
35628099
35628085
35627998
35627422
35627383
35625029
35620820
35620819
35615694
35612498
35605410
35604756
35602724
35602144
35602127
35600564
35600442
35598385
35598380
35594309
35588630
35587961
35586184
35585595
35584554
35575445
35573625
35573333
35572285
35572263
35569619
35565175
35565086
35564989
35564981
35564611
35564503
35564400
35564330
35546955
35543161
35527598
35526417
35526076
35524599
35523149
35523030
35518537
35513116
35511535
35505828
35505458
35501728
35497075
35496258
35496214
35496141
35494334
35492700
35488216
35481449
35480584
35480576
35479326
35472227
35471995
35470724
35469911
35462841
35462307
35457756
35457617
35457489
35455879
35451974
35434248
35434242
35434145
35433568
35432709
35427211
35425755
35422734
35422727
35422151
35421953
35413829
35413005
35412349
35410077
35405548
35401279
35401273
35401249
35400738
35399203
35398105
35394924
35394923
35394922
35393917
35391955
35386896
35385493
35385213
35383777
35382159
35379778
35370844
35363214
35361186
35360625
35360144
35356720
35356718
35353652
35350489
35350028
35349859
35349035
35348912
35340768
35340690
35339731
35338772
35334936
35332986
35331609
35329397
35329291
35329191
35328893
35327800
35326968
35326966
35320232
35316208
35313935
35309600
35300635
35299052
35298365
35298055
35295774
35295385
35292860
35291222
35285284
35282523
35281997
35279855
35275929
35270644
35270451
35270377
35270328
35270305
38469420
35262189
35259030
35253193
35250648
35250507
35250273
35247862
35241939
38868800
35239886
35239733
35237728
35224479
35222126
35218010
35212638
35207293
35206871
35206200
35206140
35203964
35198757
35197903
35193713
35193532
35186844
35185692
38469423
35180633
35180248
35179587
35178305
35177970
35176341
35175204
35173791
35168056
35164436
35162817
35162682
35162568
35162268
35162075
35157558
35153866
35152424
35150965
35149277
35143558
35141191
35140636
35140429
35133675
35129241
35128510
35127903
35125562
35114630
35114077
35107851
35101352
35101004
35100281
35098255
35092885
35091197
35085357
35085012
35082856
35082726
35081557
35079056
35075353
35071615
35069391
35069285
35069045
35068909
35068906
35067129
35065088
35063905
35053787
35049522
35049521
35041909
35038847
35035315
35032380
35032372
35030454
35030363
35018144
35017867
35012502
35011929
35010804
35010695
35010618
35006084
35005227
35002801
34986558
34986557
34983262
34978086
34976935
34975704
34975636
34975606
34974738
34973015
37362618
34968357
34966336
34966312
34956944
34952121
34950088
34948774
34948631
34948485
34948478
34942937
34938966
34938849
34938238
34936677
34935634
34931309
34925933
34923355
34921907
34920329
34917268
34913220
34912181
34909019
34908688
34908685
34906641
34901409
34901356
34900179
34899477
34899440
34899416
34899409
34899207
34899099
34894803
34894025
34891628
34891279
34889145
34888997
34888270
34886068
34882889
34882237
34875508
34872237
34870339
34867657
34867514
34867124
34864436
34861951
34861946
34858229
34857367
34851298
38765644
34844064
34842562
34842397
34842000
34840365
34832011
34831627
34817871
34807860
34803859
34801327
34801158
34801075
34797218
34791580
34790137
34788555
34788152
34783680
34782208
34780490
34776190
34770182
34770150
34769897
34769664
34769603
34769539
34768534
34768266
34762067
34759846
34759480
34758120
34754896
34744901
34744849
34744815
34744584
34744432
34744101
38013732
34739502
34732032
34728230
34727087
34726161
34726084
34722220
34721921
34721101
34715164
34713202
34712159
34710108
34710057
34706468
34704960
34703533
34703530
34703335
34702436
34699502
34690842
34690474
34690416
34683030
34679366
34675706
34673206
34671188
34671186
34670447
34668470
34665762
34665018
34661980
34661543
34660067
34659789
34655439
34654451
34654407
34652220
34649063
34647155
34646170
34639694
34639567
34639422
34639378
34639374
34633984
34630223
34630178
34629428
34627619
34625873
34625302
34624025
34623121
34612827
34605123
34605094
34603095
34600968
34599126
34589007
34586933
34585798
34584308
34583150
34574975
34574962
34574391
34569448
34564065
34563088
34561065
34559795
34559146
34558801
34556149
34555868
34548828
34548824
34547644
34546407
34537794
34535167
34532935
34531797
34529588
34522406
34519130
34517444
34515623
34514077
34512423
34512421
34509786
34507556
34504996
34501614
34497661
34496954
34496459
34491902
34490722
34490715
34484009
34484002
34479450
34469784
34469329
34466696
34465993
38765950
36447449
34460161
34456816
34450349
34448734
34448531
34444042
34442090
34440519
34434146
34429562
34425915
34421750
34420219
34418048
34409697
34408703
34397714
34395675
34394381
34392666
34391206
34385171
34385071
34384394
34382432
34381747
34381613
34370356
34367373
34366988
34366978
34360106
34350602
34349309
34347832
34345189
34344675
34340961
34340274
34338962
34335409
34335325
34332273
34332272
34329191
34328053
34321880
34315095
34311827
34311789
34310386
34308709
34308100
34306866
34300132
34300071
34300037
34299838
34299725
34296150
34290650
34284387
34281071
34280129
34280128
34276447
34275007
34269080
34266607
34264408
34262501
34262129
34258147
34258146
34256306
34255648
34255228
34253283
34250835
34250109
34246950
34246122
34238056
34238033
34234717
34232907
34232905
34231688
34230820
34222161
34220565
34220560
34220426
34209642
34209522
34208800
34207989
34207812
34206426
34206185
34205947
34205533
34203674
34202676
34201555
34200762
34200136
34199554
34199135
34198053
34196981
34189970
34189943
34184485
34184139
34183929
34181742
34179302
34177688
36424937
34176197
34176075
34175995
34175744
34171107
34170056
34168575
34163386
34161877
34158722
34158711
34156900
34153569
34150480
34148197
34142914
34140904
34140901
34140816
34135779
34129998
34129598
34128830
34128427
34121958
34119910
34118778
34118109
34113271
34112121
34110245
34108895
34106366
34098156
34095459
34093344
34090939
34090443
34090101
34087672
34084538
34083877
34083818
34081596
34072330
34072195
34070386
34068928
34062760
34057059
34056724
34054619
34054616
34047893
34041355
34039948
34036189
34036067
34035584
34034004
34032957
34031341
34021782
34021742
34019485
34017757
34016087
34013597
34010148
34008788
34002549
34002495
34002479
33998096
33988086
33981258
33974273
33971499
33967879
33967862
33967850
33966792
33962126
33957877
36425443
33957705
33956536
33951514
33949745
33946441
33934552
33934100
33934007
33926304
33923779
33923552
33920478
33919604
33918737
33918727
33918709
33917425
33916541
33916256
33915430
33910536
33910324
33909593
33905351
33905350
33901813
33897485
33896972
33894590
33882024
33877905
33874977
33871379
33869724
33869524
33869438
33861888
33861475
33856961
33852419
38013792
33841210
33839555
33829845
33829445
33816425
33816410
33807598
33807042
33805480
33804528
33803092
33802530
33801510
33801345
33800320
33796031
33794827
33792757
33787472
33783920
33782998
33782659
33781242
33775166
33762997
33761645
33759482
33758754
33755024
33751554
33749537
33742368
33740639
33739873
33738888
33737890
33735549
33735548
33730662
33720952
33717569
33716585
33713700
33710442
33708727
33704085
33704084
33704083
33694164
33687117
33684870
33681908
33681019
33678833
33674995
33671277
33671200
33670343
33670328
33669916
33668732
33662841
33660809
33657478
33655815
33652883
33644439
33643105
33640863
33639406
33638815
33626100
33625381
33625362
33623775
33618496
33616201
33615084
33613329
33612930
33612508
33612127
33609812
33605238
33604193
33604174
33600410
33599400
33595437
33592432
33592232
33589290
33584453
33584390
33584367
33584119
33581451
33581450
33570506
33570505
33563027
33557795
33557435
33550200
33542406
33540882
33539448
33535629
33532423
33530635
33527620
33522589
33519558
33519554
33519539
33517617
33517616
33510653
33503493
33500688
33487493
33485161
33475528
33475527
33475526
33469563
33467561
37007433
33459603
33457108
33456731
33450812
33449441
33437860
33437278
33437059
33434637
33432718
33429898
33429283
33428747
33427713
33427693
33426713
33426107
33418914
33410771
33410767
33407920
33406806
33406282
33402236
33402000
33399544
33392143
33391047
33387741
33383635
40477313
33383495
33380570
33375850
33374348
33372911
33372848
33364570
33364329
33364321
33364305
33364304
33363275
33361487
33361057
33360866
33356734
33354616
33346180
33343426
33343420
33338245
33334198
33330332
33329147
33325839
33324256
33317359
33314391
33312143
33310692
33309007
33306033
33305866
33303948
33294895
33294206
33292090
33291336
33290945
33289694
33283397
33280681
33280664
33278039
33277979
33271681
33268185
33264197
33262711
33260988
35308651
33253480
33250011
33242026
33240160
33237606
33236526
33235930
33229034
33225050
33224051
33218018
33216013
33209802
33203409
33192635
33190119
33189357
33187493
33185479
33185477
33172015
33171961
33171742
33170743
33162655
33159821
33151701
33149685
33143778
33141680
33138218
33137560
33137406
33137131
33136066
33132811
33128519
33121255
33120393
33119491
33118256
33117635
33117238
33114709
33110934
33110841
33108531
33105760
33104730
33102690
33102337
33102273
33101092
33101087
33101070
33099249
33094139
33090002
33089209
33086986
33084482
33081740
33069484
33069109
33064824
33062738
33053071
33047977
33047555
33047479
33047425
33043483
33042938
33040268
33037577
33034868
33031858
33031057
33030458
33028074
33027061
33027059
33023594
33018149
33011714
33011713
33011711
33010145
33008339
33004842
32998358
36381426
32990877
32990637
32989636
32986606
32985914
32982806
32982056
32977268
32976607
32976113
32974872
32967648
32962501
32960098
32955140
32951628
32949159
32940094
32928526
32922320
32921966
32919322
32918802
32918801
32918427
32917268
32907403
32907385
32903206
32903205
32899364
32898191
32897871
32893330
32868608
32866800
32861989
32853626
32852657
32848514
32845747
32844978
32844251
32842707
32841198
32833664
32829311
32825700
32822251
32814697
32813630
32813097
32810183
32806957
32802355
32796609
32795136
32794486
32790667
32785455
32785063
32784989
32784419
32782022
32781930
32780029
32779630
32777921
32776724
32774449
32772993
32767218
32762512
32757974
32756806
32754935
32750033
32750032
32750031
32742782
32736268
32723994
32717501
32705709
32705394
32699511
32684185
32683173
32682269
32677695
32676705
32670157
32670109
32667896
32663990
32663381
32658812
32657485
32654509
32650177
32646491
32644936
32644934
32644933
32642820
32638945
32637564
32635911
32635650
32634681
32634112
32634111
32634040
32632070
32630720
32630338
32623728
32621504
32618539
32616578
32614490
32614281
32612421
32605470
32605417
32604834
35004479
32602162
32600488
32599962
32595579
32595336
32592655
32592635
32581897
32581858
32580682
32580574
32568968
32561779
32560706
32560677
32560447
32559608
32559564
32559506
32557655
32555979
32545234
32544080
32539735
32528331
32521781
32520170
32517203
32517096
32513461
32509675
32500608
32500052
32499728
32498607
32496567
32496250
32492102
32481721
32481681
32481559
32480244
32480020
32479131
32473719
32471093
32469991
32469289
32468776
32467857
32467850
32467846
32467833
32467831
32463369
32456610
32450453
32450451
32450410
32447143
32446706
32442238
32434104
32431237
32430727
32426449
32426392
32426005
32425823
32424870
32422914
32422570
32417860
32415913
32411030
32408114
32407209
32406567
32403265
32403056
32403039
32400740
32400075
32393212
32392863
32391631
32390484
32389148
32384823
32384728
32379947
32377792
32377680
32377215
32369811
32368065
32366125
32365424
32363648
32361212
32359239
32359236
32359235
32359234
32359231
32359230
32359229
32359228
32354288
32353204
32352927
32352876
32346253
32329462
32326828
32323937
32320594
32318401
32316177
32306584
32298503
32295942
32295328
32295267
32293368
32289844
32286856
32286004
32283803
32283445
32275220
32272623
32272612
32272007
32266726
32260429
32256558
32256409
32255742
32252305
32248928
32248898
32245581
32245443
32243089
32241295
32240033
32237970
32235441
32235260
32220564
32210888
32206216
32206053
32205018
32196377
32195219
32193072
32189650
32187796
32187574
32183188
32182673
32174858
32172240
32172235
32162195
32151891
32151129
32150053
32147952
32145495
32145032
32143109
32140972
32135397
32134864
32134835
32131077
32128717
32125603
32122328
32121280
32114216
32114205
32111070
32106893
32103389
32102722
32101902
32101018
32100236
32100045
32084450
32082032
32078949
32075336
32074611
32069759
32068267
32065417
32063965
32062336
32062335
32062334
32056768
32047929
32047450
32047251
32045732
32038398
32038394
32038342
32038336
32036190
32036155
32034792
32028877
32013111
32010002
34908961
32000726
31999172
31997822
31994514
31990475
31989770
31986358
31982020
31978836
31978759
31977844
31972895
31972729
31971599
31971427
31970780
31970114
31967196
31963755
31957460
31954233
31951693
31949522
31940928
31936677
31936471
31936316
31935915
31933309
31923362
31920889
31916881
31913973
31907063
31906512
31906174
31904778
31902048
31901886
31900821
31896863
31896429
33776273
31891834
31891316
31891311
31887719
31886741
31886611
31883366
31881100
31879629
31879456
31879452
31867377
31862619
31861283
31859383
31856869
31835828
31830812
31829104
31828204
31817573
31805882
31803104
31801105
31801104
31800517
31798471
31797557
31790725
33945734
31780978
31780973
31779870
31779637
31777629
31777623
31775387
31773469
31772442
31772441
31771035
31768911
31767247
31766527
31765836
31755742
31753540
31749729
31744646
31736842
31736703
31717399
31708840
31707185
31706139
31705499
31704432
31704370
31703666
31700980
31695527
31681674
31681056
31680158
31679605
31673061
31668089
31662163
31661785
31654398
31653577
31653105
31649750
31648430
31640464
31636590
31635431
31632303
31631668
31630539
31627454
31621411
31620077
31620031
31619046
31618950
31618879
31616334
31614899
31613156
31604455
31582873
31579018
31571247
31568011
31564021
31553236
31551859
31551820
31548940
31546664
31545101
31545100
31545097
31544539
31543219
31538013
31537087
31531265
31526297
31523984
31523147
31508477
31505968
31505749
31503174
31496849
31493233
31492978
31488792
31487378
31484568
31484435
31480445
31478968
31476589
31474880
31473045
31466410
31463357
31463341
31456249
31447748
31446551
31441445
31438416
31435373
31430620
31423479
31423477
31422185
31421811
31410697
31407696
31398212
31395802
31394912
31389226
31386144
31384688
31382434
31374446
31366420
31360912
31355662
31354537
31354536
31352247
31351161
31349640
31344851
31342078
31340426
31339335
31336284
31328955
31327099
31323534
31312145
31304603
31302309
31299448
31297935
31295256
31290948
31288955
31286818
31261841
31258494
31256099
31255649
31249504
31247707
31247702
31247240
31245341
31227577
31227495
31215473
31211113
31210674
31208378
31207886
31207855
31197982
31196191
31193898
31193753
31193743
31193693
31193377
31191423
31191372
31191368
31188971
31179428
31176184
31169302
31167457
31163051
31159911
34908947
31146552
31146550
31145927
31145738
31143082
31142904
31140346
31140322
31136681
31133939
31133904
31132021
31129456
31122547
31120320
31120319
31120317
31114630
31105622
31105605
31105291
31101387
31094644
31086541
31084279
31080426
31079472
31078344
31076240
31072648
31072647
31065179
31063227
31062235
31062040
31058549
31053171
31044555
31033606
31030950
31030176
31024371
31024279
31024273
31013246
31010068
31008465
31007037
31003724
30988618
30984037
30971971
30968814
30959905
30958038
30951964
30940015
30939393
30938768
30938685
30930806
34308328
30927147
30922026
30920294
30914977
30914975
30912751
30910932
30907002
30899316
30878856
30878788
30877993
30873299
30873069
34141399
30863462
30859251
30853918
30849021
30848666
30844604
30838826
30834987
30834900
30821647
30809836
30809270
30808117
32813134
30804841
30801222
30791348
30791335
30788778
30784392
30778034
30766502
30757970
30745658
30744449
30742546
30739463
30739462
30739461
30739460
30736373
30735850
30732860
30721847
30720738
30718701
30706671
30705935
30693081
30671530
30663331
30663329
30661142
30627729
30627106
30621356
30619806
30618866
30618855
30616133
30616119
30615675
30614176
30612521
30611194
30610513
30599437
30595132
30593873
30593684
30593306
30589307
30585501
30584419
30583147
30579437
30579146
30573017
30572652
30570343
30559806
30558175
30556781
30553156
30551332
30551316
30544506
30542305
30541336
30529799
30529568
30519203
30507820
30507371
30505925
30505924
30501990
30509450
30507551
30497315
30488331
30487425
30483191
30474380
30467060
30459660
30458896
30456235
30452701
30448109
30447141
30427215
30427213
30426360
30426098
30420190
30418077
30418075
30418074
30418073
30416304
30416301
30416293
30405372
30397848
30380766
30375997
30375096
30366150
30353848
30347314
30341981
30334654
30332481
30328694
30328020
30326531
30321691
30320985
30317406
30310094
30301308
30301305
30294084
30292416
30282059
30278788
30278539
30275623
30275622
30275619
30273049
30273047
30272247
30270215
30267329
30264609
30264608
30264607
30264606
30264599
30258387
30258372
30256674
30249438
30245642
30238057
30237770
30235175
30235059
30234044
30233421
30232969
30230383
30224872
30220941
30214329
30211582
30203694
30203693
30197606
30195743
30194613
30190766
30180824
30178423
30178221
30176388
32677295
30156118
30150204
30147635
30145540
30140727
30131728
30127762
30127707
30126239
30123144
30121977
30121025
30111170
30110200
30110198
30110196
30109856
30101714
30093808
30090074
30089977
30089352
30083890
30082624
30071775
30057559
30056306
30054871
30052689
30048833
30044497
30042702
30041765
30041134
30032351
30028359
30025283
30024188
30022677
30021936
30020206
30016432
30010411
30010410
30010409
30010407
30010406
30008692
30008681
30007117
30004118
29997655
29997529
29986687
29983724
29973627
32595307
29960132
29957549
29957547
29952052
29951544
29950103
29944668
29930524
29923288
29917199
29915749
29909715
29904328
29903305
29899805
29895830
29895184
29895183
29892241
29891257
29883011
29877640
29867599
29865865
29865863
29864680
29864060
29849754
29845676
29845021
29801442
29797779
29793049
29792521
29792518
29790325
29788753
29788747
29788746
29771562
29765349
29762065
29762062
29757969
29755577
29748773
29741751
29740358
29734827
29720954
29709874
29707572
29707569
29706910
29701485
29700626
29698054
29696595
29694321
29693641
29692743
29692741
29684536
29676047
29672530
29670500
29670499
29670025
29669406
29666588
29652637
29652524
29652105
29649137
29637892
29636714
29636704
29633243
29631149
29629056
29626832
29626363
29624440
29623484
29622057
29617061
29614059
29606034
29605758
34721754
32595298
32595294
32338698
29601080
29593587
29589972
29570663
29565776
29560926
29559931
29551987
29550226
29540928
29540923
29529887
29529886
29522932
29522786
29522628
29518050
29515480
29509708
29505460
29505457
29502754
29502753
29502747
29502470
29501012
29491773
29491772
29491771
29486571
29467704
29467640
29464745
29463097
29461086
29459201
29456287
29453152
29450251
29450248
29450241
29450235
29450225
29450224
29445049
29444607
29435355
29434003
29429757
29421348
29407726
29401496
29397925
29396749
29386960
29386958
29384207
29383939
29368254
29361970
29356370
29352471
29346434
29343228
29338020
29326612
29316697
29313730
29312016
29306727
29306184
29302225
29301261
29295597
29295357
32595291
29280953
29280398
29280397
29280394
29280393
29280392
29276991
29275219
29259941
29254360
29249992
29249989
29240768
29236584
29234453
29220826
29209395
29209393
29206183
29200049
29200048
29193712
29192524
29182549
29171693
29171280
29169199
29159698
29157679
29154365
29151474
29149653
29137493
29130330
29130329
29130328
29125788
29119800
29104555
29102686
29099234
29098678
29098671
29098669
29098668
29098666
29093038
29085290
29077834
29076356
29073748
29072184
29067840
29066994
29060395
29057579
29052999
29051739
29039703
29039224
29033857
29017482
28993716
28992754
28989293
28982839
28982630
28981452
28975056
28971417
30574288
28956935
28949312
28949307
28940637
28938229
28926325
28921996
28917440
28915911
28914072
28910584
28891972
28885359
28884950
28875613
28875596
28872364
28868959
28861803
28859487
28852654
28852246
28852233
28850266
28849668
28849667
28849574
28847333
28846575
28846574
28845381
28843628
28841491
28837939
28831146
28828214
28827875
28818806
28816518
28816514
28816501
28816499
28816498
28816497
28816496
28816495
28816494
28815479
28813437
28800963
28800515
28798553
28786707
28784371
28777828
28776483
28762279
28756109
28750618
28744240
28737287
28725870
28724403
28720860
28720303
28719830
28718301
28715266
28704978
28690578
28690575
28688505
28683852
28683772
28682784
28677490
28677089
28670827
28662619
28662617
28662436
28659692
28658960
28648194
28646731
28636614
28622030
28618419
28617949
28615775
28602145
28599118
28598798
28596890
28595830
28588464
28581530
28581274
28578206
28575738
28573823
28571474
28570913
30184405
28559864
28558728
28558612
28558336
28545006
28539957
28539943
28535475
28526662
28520798
28517956
28503193
28498047
28494648
28494615
28492579
28487851
28482325
28482194
28476013
28474226
28465521
28459730
28458097
28457151
28457147
28455501
28449561
28446367
28443046
28439799
28439243
28437120
28436212
28432846
28428146
28417158
28414517
28413776
28410153
28394210
28394208
28384238
28384117
28373154
28371539
28367198
28365463
28359381
28358645
28348987
29740637
28344568
28332778
28328110
28327098
28319167
28304359
28301969
28301968
28301967
28301966
28301965
28301964
28301963
28266244
28264786
28264590
28263660
28255133
28250554
28245695
28245678
28245666
28241002
28240800
28225502
28222311
28199069
28198637
28198052
28195570
28193454
28182139
28174127
28174031
28160660
28154957
28152469
28152189
28146615
28145657
28143462
29956903
28142042
28134318
28132570
28122298
28118044
28096871
28092969
28092198
28092196
28092191
28085490
28068404
28066026
28066025
28033714
28028687
28027952
28018255
28005417
27999830
27999829
27998173
27988425
27987253
27977879
27977620
27975158
27966168
27958761
27942430
27931889
27920734
27917803
27911347
27905818
27901515
27894158
27891107
27888595
27887821
27881928
27876422
27859666
27857886
27855666
27846211
27831752
27831751
27830581
27826991
27822187
27816039
27816037
27815774
27810547
27809571
27798699
27649380
27507735
27590829
27487975
26676764
27779939
27776420
27573254
27774600
27766532
31265653
27757931
27749976
27736736
27703540
27703103
27699148
30462389
27687019
27672496
27658956
27652152
27635444
27635442
27635367
27630813
27624422
27621633
27618306
27599674
27599673
27595809
27580487
27563738
27561297
27557555
27554503
27544491
27543833
27538688
27533112
27525163
27520909
27506757
27504797
27500456
27499228
27499227
27496191
27493592
27486546
27482160
27450920
27449004
27447451
27428191
27428033
27426432
27418940
27395768
27383716
27381822
27378999
27377820
27375523
27363465
27363464
27341513
27338971
27331201
27327061
27322843
27321966
27310231
27305097
27297731
27295400
29511720
27279515
27278653
27267140
27255862
27254417
27252561
27249805
27247595
30480904
27242623
27242589
27234185
27212820
27193187
27182108
27179391
27178749
27178110
27160387
27156380
27156376
27146126
27141282
27138817
27134499
27125162
27119360
27114408
27103887
27096439
27095330
27092470
27091924
27090075
27077964
29532000
27072491
27065516
27061997
27051988
27041814
29308863
27014605
27011335
27005889
27005644
26999354
26985900
26985098
26983882
26981230
26974853
26973544
26963733
26959285
26956807
26950841
26946768
26931108
26930524
26928344
26897972
26875565
26869896
26863028
26860248
26860055
26859165
26858620
26854132
26849638
26831456
26827120
26812042
26806783
26803700
26803060
26802508
26778632
26769234
26766947
26754664
26751569
26743991
26739340
26732520
26731123
26720761
26716791
26706809
26704173
26694472
26690626
26690625
26689148
26685805
26669531
26669530
26656573
26632195
26632194
26621112
26613696
26609702
26590569
26586032
26585600
26582309
26578922
26577405
26576175
26562678
26551911
26551905
26551896
26544162
26543917
26526624
26526444
26508969
26500478
26495253
26476664
26468915
26465593
26462196
26461526
26455330
26449796
26441815
26440876
26440139
26431511
26430731
26422118
26421905
26410796
26410795
26409575
26400152
26400106
26399236
26394526
26394521
26394504
26393658
26383549
26373849
26351131
26348815
26347848
26343546
26343464
26339216
26327686
26311395
26310282
26309680
26305475
26285469
26284288
26277175
26274977
26268304
26252934
26244339
26238384
26233696
26226007
26222809
26217238
26216590
26210288
26185474
26173161
26173160
26171860
26170005
26168928
26160240
26152450
26136677
26132914
26132913
26130501
26115786
26093590
26093586
26075922
26059165
26049927
26026385
26021648
26014669
26011588
26011380
26000201
25997230
25975575
25962354
25959265
25947187
25946911
25942516
25935253
25914119
25902574
29531991
25902276
25899520
25899390
25897236
25879023
25864599
25859505
25852507
25852254
25835278
29531977
25825273
25823176
25814317
25803902
25800688
25792994
29531976
25786495
25780842
25779894
25773869
25763841
25743116
25738502
25736798
25722946
25720356
25714981
25709785
25703319
25702456
25698637
25696775
25689820
25684612
25669634
25662370
25660732
25657471
25647224
25639746
25636040
25630963
25617844
25615802
25615595
25601331
25598040
25592310
25592305
25590549
25586229
25582809
25576300
25573247
25558970
25553620
25536892
25528919
25494971
25489876
25487108
25466226
25462651
25462649
25462646
25448779
25445475
25426088
25415659
25415631
25405928
25405785
25405784
25401143
25395969
25395968
25377375
25377367
25373558
25356660
25344114
25336388
25323910
25317339
25313515
25306386
25297961
25297057
25282597
25270565
25260201
25258243
25244690
25241113
25226035
25225916
25225726
25218095
25215221
25215217
25215210
25215204
25215202
25212714
25206643
25202248
25195081
25192305
25189795
25178955
28360639
25171806
25170590
25160783
25149129
25147581
25142474
25130156
25129172
25128635
25126888
25103106
25103100
25103099
25103097
25103096
25097858
25088284
25080011
25079945
25079144
25062755
25053960
25047685
25042957
25035557
25031856
25026104
25023365
25015304
25013835
25004430
25000071
24950412
24947943
24947851
24939704
24930050
24920380
24920379
24911068
24904393
24899806
24896252
24889340
24889021
24885073
24880884
28360611
24866726
24866532
24848380
24848006
24843379
24836367
24803607
24787664
24786896
24770572
24769267
24764641
24754929
24752874
24746086
24737115
24735375
24731648
24731270
24719154
24696631
24652399
24630825
24624816
24616402
24612094
24608151
24602498
24585392
24582704
24581573
24571817
24571814
24559036
24529915
24512539
24505318
24498499
24469099
24457034
24456155
24439618
24430588
24409425
24401314
24400264
24398129
24395031
24391787
24388433
24388058
26962432
25750792
24374171
24370334
24368006
24368005
24346224
24338269
24327374
24326197
24313733
24309861
24307176
24293015
24292036
24262601
24247280
24194058
24184961
24177479
25722534
24157101
24151068
23995179
24126206
24093009
24088623
24082802
24080838
24033461
24003967
24003966
24001298
24001297
23998359
23991723
23988182
23985793
23980275
23971432
23962651
23962124
23952625
23937918
23933447
23929670
23896352
23888591
23876789
23865056
23859664
23848959
23825847
23809177
23792850
23792849
23770040
23760906
23756285
23748718
23742149
23738226
26165930
26165929
26165928
25414864
23722862
23683821
23690445
23683149
23678270
23671059
23668389
23666321
23658801
23651255
23632569
23616371
23614793
23612589
23608781
23596525
23584401
23577670
23560210
23555827
23554978
23549839
23548798
23505969
23497383
23480966
23468893
23463082
23451272
23441685
23441494
23428827
23415042
23408958
23384457
23375675
23374170
23363230
23354007
23328472
23326379
23320871
23293310
23293309
25938115
23259906
23253206
23251202
23249304
23242708
23200612
24622496
23183727
23160110
23155434
23151466
23125561
23047959
23020742
25860180
23009041
23002986
23002984
22976240
22976153
22961699
22961647
22954830
24288435
22926793
22925309
22901705
22900926
22892351
22869227
22839747
22823517
22823448
22778694
24494148
24250039
22727905
22722381
22703039
22703038
22690154
22687465
22663306
22662405
22652253
26165309
22643166
22624087
22621402
22612024
22575110
22540330
22534501
22516274
22515191
22505818
23857796
25324610
22448301
22408585
22386568
22369342
22367623
22347609
22345841
22342120
22311411
22311146
32847311
22253926
22227578
24961198
24494136
22194661
22175853
22153731
22143218
22136939
22125468
22125466
22120777
22091309
22086626
22036735
22000475
21995654
21971197
21948003
21937800
21899895
21898958
21871089
21859396
21820990
21803411
21794167
21764067
21762824
24494121
21697708
21696582
21692281
21685852
21677775
21651418
21645588
21595524
21573073
21562915
21541096
21516283
21499141
21494046
21480155
21476897
21447539
21445996
21432840
21372629
21358822
21310247
21300998
21294635
21204693
21162812
21157166
21152848
21142996
21142993
21117979
21114410
21067282
21044551
21042855
20979347
20955578
20953681
20833229
20819576
20819144
20813669
22348866
20712498
20712495
20712182
20697848
20695685
20671897
20671891
22174530
20560821
20559694
20557252
20549142
20547292
20545603
20528276
20513862
20403001
20396428
20302690
20229914
20198209
20195558
20128901
20113301
20110764
20046376
23113038
19962767
19959733
19926237
19851906
19840588
19805719
19805713
19788382
19788380
19787316
19770257
19764272
19724746
19697001
19622333
19619039
19578695
19574748
19566768
19565867
22218211
19556477
19556111
19548435
19506783
19490510
19486737
19465325
19445635
19445631
19395052
19374970
19370973
19335391
19326214
19252459
19238122
19178835
19166194
19149152
19132914
20432612
19072077
19072075
18991536
18991535
18991530
18954290
18954279
18954277
18826420
18822828
18785835
18767577
18762980
18721099
18721094
18690381
18609413
18592108
19742232
18555055
18537496
18522068
18399706
18396679
18346561
18316427
18307612
18289136
18265891
18227746
18217253
18216888
18166402
22217816
18085968
18085967
18045695
17992059
17786892
17927535
17877171
17803171
17765486
17711363
17709972
17594255
17577539
17546534
17474846
17474832
17439441
17249631
17245677
17146410
17059614
17034317
16901249
16841632
16670046
16427966
16425010
16332167
16323630
16312910
16260926
16086538
15938649
15738688
15667051
15667048
15631611
15587233
15482579
15331031
15331025
15314360
15314344
15314311
15257834
15182240
15006168
14756932
14756931
14756922
12804026
12503513
12216698
11990975
11975070
11710263
11710262
11686127
11585966
11572424
11523305
11184569
10708842
10696991
10495815
10214023
19178220
19178219
19178214
19178212
19178211
19178209
9167536
8653648
